1.620525006987926645e+03
1.372182780465758697e+03
1.518300882227728380e+03
1.465241008974559008e+03
1.530275512732841889e+03
1.622229344172674246e+03
1.470565932362804688e+03
1.567315222946697986e+03
1.384081739221749103e+03
1.424114598709304119e+03
1.423127398417272161e+03
1.469156233029499617e+03
1.540458540708499640e+03
1.594092075396866903e+03
1.390198896741616863e+03
1.494813129609719454e+03
1.457546152107428270e+03
1.518548923320118774e+03
1.470912421669507239e+03
1.488506486548377325e+03
1.454459302230660342e+03
1.452163465050086870e+03
1.429816651635490871e+03
1.440591809983071926e+03
1.541716044933520607e+03
1.469228759341571731e+03
1.489796004032037217e+03
1.493914874865723505e+03
1.494554309630424541e+03
1.546688761532338731e+03
1.548512231264988941e+03
1.449215987540260130e+03
1.503735730127423949e+03
1.352387101404496661e+03
1.591466327374125967e+03
1.606632497103096966e+03
1.508008351950589258e+03
1.496881621910402373e+03
1.355574780857885798e+03
1.435047803135700178e+03
1.419545597242303302e+03
1.540334932725355429e+03
1.429069087913847397e+03
1.523641893454665023e+03
1.434168523248730935e+03
1.461375748385966745e+03
1.564192683721273170e+03
1.451131121832608187e+03
1.433173489347717805e+03
1.435596904172383120e+03
1.534260692996933813e+03
1.615239550657546715e+03
1.391874292532195341e+03
1.581586131384043711e+03
1.454748451435183597e+03
1.509713527963415800e+03
1.447100221304990328e+03
1.491806855455026380e+03
1.442433510305708296e+03
1.368372273243025120e+03
1.368584206236567070e+03
1.434769511189150762e+03
1.479831304588954708e+03
1.624876778011291890e+03
1.543704852850904217e+03
1.515539759026541788e+03
1.528554646196431804e+03
1.377444368559074974e+03
1.312719618457121896e+03
1.370476491445906731e+03
1.403838118712785217e+03
1.527095509034200632e+03
1.461292227839925545e+03
1.440769165150036997e+03
1.479252293622529123e+03
1.398474882463852964e+03
1.513879867133753578e+03
1.514047988858473673e+03
1.422449358695705996e+03
1.446498158357978582e+03
1.603229065297402030e+03
1.596381922920890247e+03
1.441397072749402469e+03
1.342888515537717012e+03
1.422703457471445745e+03
1.539548588550162549e+03
1.399609682621883849e+03
1.522542511861824096e+03
1.583550660868253999e+03
1.446149697549821894e+03
1.570814269245384367e+03
1.421991772814697924e+03
1.454959055052956501e+03
1.622621745947655427e+03
1.535362508736930067e+03
1.542581011522189328e+03
1.531700766301508338e+03
1.339604597567231167e+03
1.642271481490861788e+03
1.534083620033482930e+03
