2.268456884532251934e+02
2.590598539637517774e+02
2.596398579496147363e+02
2.580464767818328369e+02
2.434395920743440627e+02
2.508863129338809586e+02
2.667388932421891923e+02
2.387818284672154050e+02
2.456536790270613437e+02
2.518713856834768023e+02
2.353614575276227470e+02
2.580510556460111502e+02
2.350428366656267656e+02
2.288564333160008744e+02
2.265016513246967520e+02
2.487507373654290177e+02
2.365830277733874993e+02
2.556465962663497749e+02
2.532889312143310576e+02
2.722389720672824183e+02
2.380121547797059520e+02
2.853214784714963344e+02
2.392983496505731864e+02
2.364725623986120695e+02
2.459681726422495842e+02
2.346055626921789212e+02
2.632865367749355983e+02
2.627418025171628528e+02
2.244186330666228173e+02
2.178164415761601163e+02
2.499131116392840113e+02
2.543637470211328946e+02
2.339010824646635456e+02
2.445164311283747054e+02
2.463995151389822240e+02
2.583996735302727643e+02
2.724967031636140291e+02
2.543312313372177016e+02
2.376791610014556682e+02
2.606101240452756542e+02
2.268302811384089637e+02
2.463373952779400327e+02
2.460818123356268643e+02
2.379552069617535039e+02
2.540232273961445344e+02
2.541691203922223394e+02
2.503601976128760782e+02
2.639191913872019768e+02
2.760147514752056281e+02
2.507973268764902741e+02
2.372923367194432558e+02
2.348182350091498449e+02
2.522342158835423902e+02
2.475411420210513427e+02
2.589792960856993886e+02
2.532769779109794399e+02
2.398571683437380102e+02
2.737223428564882965e+02
2.594515403685953743e+02
2.485346731384139503e+02
2.369981477560482404e+02
2.359891210388842069e+02
2.503678660064737755e+02
2.540874224640610919e+02
2.193468449289506452e+02
2.635651049903209469e+02
2.427102496748545377e+02
2.584511838294677091e+02
2.415282825615955744e+02
2.591855425652132681e+02
2.423348680763332936e+02
2.579962394782435240e+02
2.445750972477347318e+02
2.456310057726527134e+02
2.501713894983787156e+02
2.435946807421931624e+02
2.526807161872627603e+02
2.337035458272292203e+02
2.543486922423494434e+02
2.671588624826705427e+02
2.520656115280903578e+02
2.424310713111866562e+02
2.512934738196397007e+02
2.521899034529640744e+02
2.602759418954029229e+02
2.516019970477589141e+02
2.576514819692392280e+02
2.408114929145584426e+02
2.560881014655433319e+02
2.663980388507689554e+02
2.717095077815735067e+02
2.765201559242393614e+02
2.338235444710829825e+02
2.515237114444823305e+02
2.611301711786856572e+02
2.369015845555296949e+02
2.596297044939149146e+02
2.558631825275880374e+02
2.456895034587623741e+02
2.467898473656007923e+02
